Iosif : 2020-11-18 21:26:49.169551 
Mikalay : 2020-11-18 21:27:12.508620 
